359 
967 
97 
99 
65 
231 
67 
229 
801 
197 
163 
931 
483 
739 
483 
327 
101 
707 
69 
993 
771 
481 
487 
901 
871 
323 
295 
611 
547 
903 
193 
899 
871 
291 
5 
935 
545 
65 
163 
323 
293 
325 
261 
775 
65 
737 
71 
197 
419 
163 
197 
199 
643 
677 
69 
513 
7 
387 
101 
577 
289 
293 
453 
135 
609 
481 
39 
161 
577 
225 
485 
871 
551 
769 
615 
647 
483 
709 
867 
903 
903 
33 
69 
547 
741 
161 
35 
739 
547 
167 
293 
837 
485 
769 
963 
69 
259 
3 
231 
835 
227 
739 
675 
803 
483 
289 
449 
999 
5 
293 
869 
901 
357 
961 
423 
97 
129 
481 
837 
675 
673 
129 
519 
133 
929 
483 
225 
163 
517 
487 
999 
769 
225 
673 
547 
741 
963 
3 
707 
961 
321 
583 
869 
677 
519 
291 
775 
673 
773 
611 
357 
453 
773 
867 
579 
709 
327 
835 
865 
867 
291 
865 
613 
549 
513 
135 
257 
453 
163 
965 
421 
483 
515 
257 
167 
35 
547 
965 
739 
321 
577 
71 
773 
325 
931 
359 
35 
257 
163 
899 
101 
485 
771 
737 
3 
261 
871 
291 
737 
33 
225 
165 
515 
771 
421 
707 
839 
993 
641 
547 
289 
225 
609 
69 
549 
549 
421 
583 
839 
615 
483 
963 
101 
261 
677 
135 
545 
547 
419 
259 
581 
675 
423 
97 
421 
867 
803 
261 
837 
451 
807 
133 
675 
423 
227 
225 
997 
647 
839 
803 
261 
321 
741 
387 
583 
417 
513 
97 
965 
931 
387 
545 
581 
833 
643 
3 
677 
453 
263 
513 
929 
69 
677 
579 
483 
903 
837 
455 
549 
643 
257 
835 
997 
7 
197 
547 
423 
709 
675 
389 
615 
37 
933 
197 
871 
583 
199 
547 
5 
485 
67 
965 
545 
743 
545 
35 
645 
357 
483 
163 
7 
773 
997 
997 
771 
161 
545 
163 
903 
195 
551 
517 
225 
485 
705 
103 
35 
935 
641 
65 
419 
739 
5 
963 
449 
549 
999 
71 
929 
483 
257 
929 
231 
261 
901 
1 
423 
421 
165 
325 
609 
739 
833 
865 
231 
547 
961 
259 
451 
609 
355 
871 
325 
359 
833 
805 
931 
833 
901 
835 
291 
133 
739 
545 
385 
641 
547 
839 
69 
743 
131 
677 
481 
997 
549 
711 
513 
485 
993 
995 
71 
323 
865 
419 
707 
675 
193 
645 
483 
69 
449 
805 
225 
197 
359 
643 
869 
897 
449 
929 
647 
613 
613 
97 
579 
131 
807 
99 
641 
801 
69 
711 
101 
933 
129 
839 
583 
321 
451 
65 
421 
933 
903 
645 
129 
229 
263 
997 
133 
737 
901 
773 
359 
481 
869 
961 
613 
675 
35 
229 
485 
103 
963 
609 
3 
99 
423 
611 
421 
899 
677 
865 
807 
547 
487 
935 
807 
775 
899 
933 
519 
775 
673 
869 
257 
549 
805 
901 
231 
839 
129 
709 
935 
99 
293 
961 
199 
741 
549 
643 
615 
193 
485 
391 
771 
997 
325 
545 
771 
193 
485 
259 
993 
133 
103 
257 
705 
933 
135 
961 
741 
263 
645 
675 
387 
963 
613 
577 
679 
129 
197 
263 
353 
675 
677 
99 
679 
995 
677 
417 
195 
129 
675 
195 
295 
803 
451 
1 
711 
609 
961 
451 
897 
583 
103 
259 
545 
707 
837 
199 
867 
1 
485 
195 
707 
129 
325 
353 
131 
1 
803 
327 
131 
453 
513 
449 
231 
997 
449 
965 
581 
419 
385 
455 
1 
487 
705 
547 
193 
517 
769 
67 
551 
231 
261 
259 
391 
609 
613 
515 
611 
391 
865 
741 
867 
385 
197 
97 
357 
679 
39 
931 
65 
455 
353 
67 
967 
35 
613 
167 
583 
359 
227 
103 
613 
487 
385 
995 
97 
997 
487 
707 
387 
359 
423 
261 
737 
645 
359 
71 
291 
421 
993 
357 
901 
355 
455 
835 
421 
37 
3 
997 
419 
229 
99 
7 
741 
483 
1 
837 
481 
513 
513 
899 
871 
967 
129 
577 
579 
519 
647 
903 
965 
641 
259 
865 
3 
705 
677 
423 
773 
679 
387 
167 
931 
519 
197 
641 
1 
199 
485 
483 
711 
999 
357 
551 
965 
519 
135 
545 
39 
805 
423 
3 
455 
673 
867 
449 
387 
519 
865 
135 
199 
261 
327 
129 
771 
547 
801 
771 
769 
263 
261 
449 
229 
643 
7 
195 
161 
165 
739 
199 
963 
131 
195 
385 
835 
37 
865 
197 
581 
705 
357 
803 
965 
707 
933 
743 
229 
711 
515 
999 
997 
801 
455 
227 
419 
453 
421 
581 
641 
129 
773 
579 
259 
999 
995 
103 
37 
837 
291 
609 
519 
673 
421 
483 
355 
353 
227 
577 
71 
775 
583 
35 
551 
7 
261 
963 
483 
675 
519 
101 
803 
291 
705 
69 
291 
675 
163 
327 
481 
487 
967 
7 
135 
355 
513 
513 
707 
773 
97 
803 
515 
679 
837 
33 
677 
67 
3 
161 
773 
547 
261 
583 
837 
965 
643 
135 
609 
839 
453 
97 
325 
389 
135 
483 
775 
641 
995 
483 
389 
67 
261 
935 
739 
67 
961 
417 
165 
963 
577 
963 
485 
837 
513 
323 
803 
165 
483 
419 
995 
935 
515 
327 
325 
643 
801 
99 
291 
803 
583 
711 
871 
835 
613 
609 
935 
581 
33 
99 
545 
609 
39 
37 
455 
551 
385 
225 
709 
867 
645 
711 
769 
161 
7 
101 
835 
839 
193 
101 
611 
775 
835 
481 
611 
449 
67 
545 
5 
99 
645 
551 
741 
707 
579 
165 
259 
963 
421 
967 
805 
67 
679 
583 
259 
709 
709 
69 
549 
901 
193 
135 
677 
3 
641 
289 
451 
707 
865 
481 
839 
485 
7 
579 
193 
609 
743 
451 
581 
165 
417 
387 
263 
71 
993 
513 
803 
679 
581 
327 
547 
773 
487 
225 
807 
103 
545 
259 
833 
385 
739 
673 
871 
737 
227 
71 
353 
995 
513 
935 
129 
929 
321 
391 
1 
291 
929 
835 
961 
485 
163 
517 
259 
641 
741 
65 
743 
261 
323 
577 
647 
37 
225 
517 
805 
451 
581 
135 
423 
101 
69 
583 
39 
391 
997 
39 
673 
901 
899 
609 
387 
37 
101 
677 
677 
867 
743 
419 
103 
33 
3 
773 
103 
227 
291 
901 
679 
903 
3 
101 
997 
97 
675 
5 
487 
641 
67 
129 
519 
997 
771 
929 
1 
871 
581 
709 
737 
291 
135 
865 
357 
131 
615 
451 
357 
929 
353 
35 
801 
387 
135 
773 
485 
803 
801 
965 
451 
901 
69 
993 
865 
839 
897 
899 
711 
455 
583 
423 
769 
711 
257 
133 
865 
903 
609 
197 
807 
961 
257 
583 
325 
391 
357 
801 
193 
167 
773 
643 
67 
865 
645 
933 
705 
517 
839 
391 
995 
391 
837 
773 
101 
101 
897 
999 
995 
515 
197 
803 
451 
453 
355 
801 
867 
743 
609 
37 
901 
359 
711 
993 
199 
323 
901 
903 
865 
741 
261 
835 
131 
99 
615 
257 
193 
513 
231 
197 
3 
419 
999 
455 
871 
353 
231 
705 
71 
865 
773 
997 
199 
453 
965 
389 
801 
867 
261 
641 
583 
547 
485 
705 
645 
69 
961 
871 
581 
167 
35 
609 
611 
1 
39 
449 
353 
295 
163 
449 
135 
935 
421 
325 
389 
387 
739 
197 
229 
999 
871 
805 
545 
323 
517 
199 
423 
455 
37 
3 
645 
103 
613 
231 
135 
675 
705 
513 
995 
899 
961 
97 
833 
359 
453 
199 
769 
167 
419 
999 
167 
257 
803 
743 
611 
289 
935 
35 
775 
995 
37 
419 
99 
673 
675 
227 
325 
355 
739 
295 
229 
675 
423 
39 
35 
901 
261 
803 
67 
679 
803 
257 
961 
581 
993 
549 
901 
935 
583 
675 
931 
643 
71 
5 
293 
739 
263 
643 
101 
995 
961 
323 
677 
353 
385 
743 
229 
677 
547 
321 
357 
325 
579 
293 
931 
547 
865 
801 
483 
455 
453 
389 
99 
547 
419 
391 
261 
675 
33 
387 
677 
995 
709 
323 
355 
101 
65 
609 
769 
613 
929 
103 
963 
483 
419 
869 
37 
261 
677 
513 
739 
129 
901 
837 
677 
289 
229 
961 
995 
263 
323 
647 
257 
39 
993 
645 
133 
35 
229 
933 
647 
165 
35 
609 
647 
455 
455 
709 
739 
133 
197 
453 
261 
99 
291 
963 
387 
513 
899 
357 
807 
231 
5 
71 
263 
999 
707 
419 
1 
967 
353 
673 
101 
387 
259 
771 
835 
737 
455 
581 
901 
677 
3 
131 
775 
293 
101 
161 
837 
1 
551 
611 
231 
547 
707 
517 
513 
391 
961 
547 
359 
289 
197 
483 
675 
487 
229 
517 
231 
709 
67 
101 
385 
101 
263 
135 
417 
355 
295 
231 
355 
869 
865 
579 
385 
549 
97 
929 
963 
33 
453 
289 
353 
641 
771 
3 
135 
1 
545 
359 
741 
643 
451 
101 
743 
739 
259 
161 
69 
579 
423 
417 
423 
295 
3 
839 
869 
99 
737 
807 
163 
165 
97 
515 
839 
899 
551 
965 
931 
65 
291 
647 
739 
775 
773 
483 
481 
33 
643 
583 
611 
65 
999 
35 
359 
3 
865 
195 
135 
611 
3 
289 
769 
99 
837 
583 
997 
357 
547 
929 
453 
839 
545 
167 
613 
325 
641 
101 
357 
259 
675 
999 
323 
675 
33 
707 
709 
899 
903 
835 
485 
897 
133 
261 
3 
961 
867 
1 
293 
391 
929 
769 
229 
449 
929 
833 
805 
545 
967 
131 
837 
611 
129 
167 
293 
163 
867 
995 
69 
737 
837 
577 
641 
961 
839 
643 
931 
673 
645 
225 
39 
549 
995 
261 
7 
899 
101 
803 
421 
37 
965 
257 
679 
71 
417 
997 
225 
259 
967 
293 
3 
771 
871 
643 
741 
709 
295 
647 
359 
931 
865 
423 
455 
835 
707 
485 
709 
839 
257 
129 
901 
199 
417 
547 
293 
833 
519 
517 
99 
485 
835 
101 
257 
705 
775 
997 
421 
37 
645 
805 
999 
485 
195 
455 
327 
933 
931 
35 
739 
197 
195 
615 
387 
613 
163 
679 
421 
705 
195 
545 
199 
37 
645 
455 
775 
421 
451 
163 
483 
71 
967 
481 
579 
161 
929 
929 
69 
867 
963 
833 
39 
135 
449 
449 
739 
611 
129 
167 
325 
323 
711 
515 
385 
357 
993 
135 
801 
421 
323 
259 
515 
291 
741 
103 
451 
677 
7 
545 
513 
995 
387 
551 
129 
835 
993 
901 
453 
97 
35 
771 
453 
771 
293 
837 
103 
263 
997 
897 
707 
327 
163 
231 
609 
897 
357 
69 
549 
389 
645 
69 
359 
7 
613 
513 
867 
613 
389 
295 
711 
417 
65 
163 
163 
359 
1 
291 
645 
997 
163 
353 
323 
327 
583 
965 
231 
931 
1 
803 
321 
679 
865 
679 
679 
485 
161 
545 
65 
549 
839 
807 
999 
929 
961 
161 
295 
961 
453 
965 
967 
641 
293 
257 
999 
899 
199 
231 
807 
231 
33 
103 
901 
897 
807 
579 
389 
999 
99 
455 
549 
963 
229 
547 
901 
199 
707 
163 
129 
161 
129 
71 
833 
421 
353 
807 
295 
551 
37 
103 
805 
71 
229 
707 
993 
35 
263 
357 
1 
385 
837 
549 
357 
65 
71 
225 
257 
803 
421 
385 
995 
549 
487 
803 
993 
839 
609 
257 
389 
647 
359 
195 
741 
611 
901 
709 
645 
131 
35 
647 
549 
871 
195 
897 
961 
291 
129 
193 
101 
581 
609 
71 
97 
65 
865 
67 
929 
483 
355 
295 
97 
737 
513 
839 
323 
389 
547 
967 
545 
615 
613 
69 
485 
833 
999 
421 
131 
103 
613 
231 
677 
199 
327 
807 
263 
199 
897 
193 
675 
227 
519 
805 
995 
7 
643 
293 
389 
167 
261 
933 
773 
899 
993 
225 
739 
967 
645 
869 
71 
259 
101 
773 
449 
451 
579 
737 
641 
451 
961 
293 
709 
455 
97 
673 
453 
739 
997 
833 
897 
257 
773 
677 
131 
743 
901 
871 
711 
547 
739 
805 
837 
871 
577 
261 
321 
131 
5 
963 
615 
965 
263 
325 
387 
359 
997 
871 
65 
993 
679 
993 
227 
453 
647 
359 
195 
547 
229 
929 
69 
999 
711 
929 
871 
263 
165 
167 
419 
195 
129 
33 
167 
385 
357 
577 
743 
353 
417 
839 
323 
103 
801 
549 
549 
423 
931 
743 
963 
167 
641 
39 
165 
359 
961 
3 
645 
133 
195 
39 
359 
325 
65 
519 
709 
421 
71 
451 
775 
487 
291 
97 
583 
67 
645 
131 
515 
583 
865 
485 
743 
513 
515 
931 
871 
483 
935 
485 
641 
97 
549 
993 
421 
645 
487 
129 
67 
581 
613 
865 
69 
903 
961 
675 
961 
615 
805 
483 
165 
679 
967 
931 
161 
483 
839 
7 
965 
775 
517 
581 
903 
65 
581 
325 
709 
67 
455 
775 
641 
35 
615 
709 
961 
545 
359 
897 
135 
165 
357 
323 
835 
323 
231 
3 
805 
71 
35 
739 
869 
551 
321 
739 
615 
933 
33 
291 
993 
519 
65 
641 
577 
673 
359 
515 
193 
741 
387 
359 
897 
769 
673 
739 
67 
929 
743 
897 
7 
769 
611 
867 
295 
963 
583 
933 
865 
647 
231 
867 
133 
295 
483 
711 
967 
833 
193 
167 
551 
613 
517 
455 
389 
199 
163 
481 
135 
897 
353 
135 
673 
997 
1 
967 
929 
615 
899 
801 
229 
129 
643 
387 
417 
135 
97 
385 
993 
323 
545 
551 
935 
69 
999 
323 
293 
161 
803 
421 
67 
133 
579 
739 
97 
611 
707 
33 
193 
581 
867 
455 
711 
485 
865 
135 
643 
963 
513 
611 
261 
65 
131 
195 
133 
129 
519 
451 
289 
291 
903 
355 
455 
481 
71 
577 
67 
801 
609 
291 
357 
451 
737 
67 
961 
611 
195 
611 
549 
739 
199 
833 
803 
353 
5 
961 
513 
547 
387 
803 
837 
257 
165 
293 
737 
259 
869 
835 
35 
485 
103 
417 
961 
865 
483 
929 
451 
711 
517 
999 
417 
707 
807 
197 
69 
835 
133 
581 
357 
551 
391 
195 
833 
549 
487 
577 
839 
357 
387 
899 
865 
483 
291 
803 
323 
773 
707 
773 
485 
199 
771 
901 
929 
577 
99 
997 
387 
231 
579 
769 
807 
961 
963 
615 
517 
451 
167 
325 
839 
547 
199 
673 
37 
513 
451 
359 
263 
165 
99 
771 
355 
869 
647 
261 
421 
737 
259 
833 
993 
837 
577 
775 
775 
549 
389 
293 
7 
581 
609 
839 
135 
839 
519 
163 
327 
993 
515 
613 
135 
645 
359 
513 
513 
999 
775 
967 
737 
33 
775 
737 
903 
359 
513 
677 
931 
901 
961 
929 
483 
577 
775 
609 
385 
295 
773 
711 
263 
295 
325 
389 
963 
677 
903 
453 
675 
677 
419 
421 
743 
193 
133 
613 
551 
645 
257 
481 
547 
225 
387 
5 
803 
163 
613 
163 
449 
387 
897 
743 
673 
199 
133 
611 
899 
35 
71 
583 
711 
481 
3 
453 
673 
135 
65 
225 
773 
323 
705 
295 
547 
67 
323 
325 
261 
929 
519 
741 
291 
417 
453 
995 
615 
577 
583 
515 
611 
647 
97 
323 
129 
99 
801 
801 
259 
865 
1 
7 
163 
707 
327 
743 
807 
673 
67 
35 
579 
611 
801 
901 
3 
229 
865 
643 
807 
449 
133 
417 
71 
261 
771 
231 
359 
547 
1 
643 
389 
33 
673 
577 
741 
999 
295 
547 
673 
387 
613 
227 
997 
391 
97 
993 
613 
993 
611 
419 
417 
775 
867 
513 
3 
615 
743 
387 
131 
743 
5 
519 
801 
677 
71 
549 
677 
391 
71 
325 
769 
675 
583 
743 
35 
705 
743 
679 
673 
353 
97 
67 
103 
963 
579 
129 
545 
289 
547 
675 
33 
551 
195 
833 
227 
259 
357 
935 
641 
451 
261 
417 
101 
867 
167 
167 
547 
901 
869 
197 
229 
965 
289 
355 
897 
867 
485 
419 
133 
7 
101 
197 
581 
289 
37 
833 
547 
417 
769 
195 
867 
5 
613 
993 
871 
803 
135 
419 
673 
5 
609 
935 
963 
897 
259 
835 
771 
743 
261 
903 
773 
355 
101 
321 
643 
129 
163 
197 
545 
931 
391 
387 
935 
3 
387 
805 
807 
547 
193 
487 
545 
833 
423 
483 
737 
673 
325 
483 
423 
579 
387 
195 
933 
487 
517 
583 
615 
679 
773 
161 
609 
163 
581 
519 
199 
967 
323 
5 
483 
517 
517 
3 
325 
931 
517 
37 
611 
835 
545 
1 
389 
931 
195 
323 
387 
743 
897 
3 
421 
677 
195 
5 
865 
775 
547 
39 
711 
871 
35 
193 
387 
551 
227 
711 
481 
737 
771 
67 
579 
293 
99 
999 
199 
293 
289 
611 
37 
195 
645 
481 
897 
839 
485 
737 
581 
39 
775 
291 
901 
835 
515 
263 
385 
743 
999 
867 
487 
769 
933 
33 
69 
33 
1 
293 
327 
323 
903 
387 
549 
547 
867 
421 
353 
359 
135 
935 
391 
903 
225 
293 
737 
741 
581 
99 
483 
579 
965 
963 
323 
899 
995 
417 
931 
3 
711 
257 
357 
613 
675 
899 
129 
549 
289 
481 
901 
423 
417 
291 
325 
673 
609 
37 
391 
165 
135 
899 
743 
99 
837 
65 
5 
839 
483 
961 
835 
193 
225 
193 
805 
899 
67 
933 
417 
355 
423 
325 
801 
871 
641 
101 
513 
225 
163 
935 
421 
321 
801 
163 
421 
645 
259 
451 
453 
743 
387 
295 
935 
611 
487 
741 
487 
545 
673 
935 
931 
65 
227 
709 
967 
867 
835 
481 
99 
5 
391 
551 
327 
193 
705 
739 
837 
965 
165 
289 
707 
577 
583 
641 
163 
39 
357 
673 
583 
7 
583 
515 
103 
833 
231 
39 
677 
65 
519 
807 
69 
933 
325 
387 
101 
37 
135 
963 
1 
325 
227 
707 
901 
803 
357 
39 
865 
705 
737 
423 
711 
295 
963 
837 
97 
161 
867 
805 
227 
385 
611 
295 
295 
929 
707 
387 
997 
833 
357 
999 
133 
577 
707 
1 
387 
39 
65 
227 
743 
833 
675 
453 
103 
613 
291 
225 
773 
133 
37 
7 
519 
647 
327 
805 
551 
3 
199 
549 
835 
549 
517 
993 
133 
199 
995 
519 
261 
67 
739 
5 
899 
389 
481 
3 
1 
773 
227 
775 
929 
263 
807 
417 
935 
101 
229 
487 
103 
453 
3 
963 
1 
519 
931 
133 
743 
935 
677 
3 
1 
391 
7 
901 
803 
513 
903 
803 
261 
131 
579 
167 
419 
353 
615 
353 
485 
835 
839 
613 
295 
835 
551 
295 
355 
483 
453 
97 
417 
97 
99 
417 
487 
131 
293 
289 
643 
197 
69 
903 
359 
647 
69 
801 
7 
675 
131 
515 
519 
963 
103 
805 
805 
677 
99 
135 
135 
551 
257 
551 
647 
387 
993 
133 
519 
263 
423 
161 
483 
515 
65 
835 
161 
135 
645 
167 
833 
775 
705 
327 
737 
801 
133 
517 
453 
231 
645 
613 
775 
933 
165 
423 
289 
133 
549 
807 
419 
995 
999 
903 
485 
33 
737 
645 
199 
357 
835 
7 
131 
515 
359 
867 
323 
483 
353 
801 
739 
7 
421 
481 
931 
611 
929 
195 
743 
453 
3 
163 
423 
1 
65 
931 
33 
833 
583 
231 
197 
417 
263 
321 
963 
615 
163 
263 
97 
549 
39 
835 
547 
453 
293 
485 
39 
197 
705 
805 
673 
739 
999 
103 
741 
39 
33 
775 
903 
615 
5 
69 
7 
261 
389 
963 
899 
577 
225 
995 
133 
263 
807 
679 
739 
101 
165 
801 
321 
869 
613 
995 
577 
613 
97 
293 
675 
131 
67 
547 
737 
97 
615 
769 
357 
5 
739 
231 
613 
963 
195 
737 
225 
3 
423 
995 
103 
581 
771 
423 
449 
385 
385 
35 
997 
483 
359 
641 
613 
419 
197 
357 
515 
803 
101 
903 
839 
839 
135 
419 
801 
355 
165 
1 
357 
579 
997 
451 
167 
769 
865 
641 
129 
259 
675 
135 
773 
3 
807 
385 
453 
995 
741 
999 
807 
867 
871 
615 
673 
5 
35 
451 
359 
199 
483 
707 
801 
449 
133 
993 
193 
7 
611 
353 
257 
293 
487 
5 
327 
295 
389 
771 
259 
129 
769 
33 
995 
647 
673 
645 
645 
739 
103 
995 
961 
577 
679 
737 
33 
835 
739 
257 
833 
357 
611 
97 
641 
99 
101 
961 
385 
513 
739 
675 
643 
485 
741 
613 
133 
389 
257 
769 
103 
391 
773 
39 
993 
451 
801 
3 
263 
515 
261 
97 
871 
871 
193 
513 
993 
327 
481 
385 
865 
197 
37 
483 
707 
771 
97 
839 
167 
387 
615 
295 
769 
357 
325 
739 
807 
133 
741 
69 
673 
1 
165 
545 
871 
391 
33 
865 
743 
547 
225 
583 
743 
295 
65 
449 
65 
195 
289 
231 
581 
935 
517 
325 
259 
867 
33 
67 
1 
805 
161 
673 
807 
325 
193 
677 
741 
257 
517 
483 
805 
775 
33 
547 
69 
131 
5 
135 
325 
325 
389 
897 
229 
931 
199 
513 
773 
263 
579 
805 
67 
739 
455 
865 
65 
679 
519 
837 
961 
37 
295 
741 
835 
353 
295 
897 
483 
293 
39 
807 
609 
421 
711 
871 
327 
933 
359 
101 
195 
961 
899 
263 
707 
353 
103 
771 
7 
647 
615 
967 
707 
903 
707 
549 
231 
995 
421 
737 
295 
485 
545 
929 
897 
231 
775 
199 
165 
101 
323 
353 
37 
197 
615 
743 
581 
743 
515 
581 
389 
131 
547 
71 
1 
229 
611 
263 
231 
33 
1 
517 
517 
545 
421 
421 
807 
163 
645 
997 
295 
967 
325 
357 
165 
965 
99 
739 
675 
647 
327 
39 
769 
897 
133 
801 
135 
769 
39 
357 
835 
39 
899 
359 
615 
321 
773 
423 
483 
417 
387 
803 
359 
737 
135 
549 
677 
259 
295 
359 
897 
613 
423 
641 
519 
579 
417 
645 
325 
481 
1 
135 
545 
901 
517 
135 
197 
257 
583 
711 
673 
995 
483 
33 
707 
641 
581 
359 
901 
901 
743 
773 
515 
133 
421 
1 
711 
839 
645 
37 
295 
647 
195 
871 
547 
705 
7 
743 
993 
581 
423 
675 
551 
929 
709 
257 
547 
289 
641 
423 
167 
359 
195 
705 
515 
615 
705 
225 
453 
325 
261 
773 
997 
481 
611 
519 
193 
609 
261 
161 
197 
675 
869 
771 
611 
577 
5 
133 
867 
645 
579 
33 
995 
807 
737 
485 
389 
449 
743 
867 
775 
3 
615 
771 
483 
225 
289 
675 
867 
549 
869 
39 
225 
705 
803 
837 
259 
807 
993 
133 
419 
549 
197 
423 
323 
965 
931 
737 
389 
641 
611 
163 
645 
195 
933 
135 
453 
197 
835 
295 
771 
673 
325 
995 
385 
135 
807 
675 
935 
801 
807 
355 
325 
3 
801 
673 
967 
707 
417 
325 
355 
5 
487 
999 
231 
419 
103 
675 
641 
961 
961 
387 
609 
295 
389 
3 
421 
197 
679 
357 
997 
487 
743 
291 
513 
519 
995 
449 
225 
389 
805 
579 
417 
259 
547 
647 
711 
673 
291 
327 
611 
259 
737 
229 
545 
103 
231 
967 
291 
933 
323 
257 
419 
33 
579 
933 
551 
549 
359 
775 
961 
163 
323 
355 
423 
901 
993 
133 
583 
293 
451 
193 
551 
165 
421 
65 
259 
677 
33 
583 
609 
355 
839 
5 
389 
417 
963 
963 
967 
321 
739 
903 
483 
37 
257 
929 
963 
227 
39 
545 
519 
515 
739 
71 
679 
167 
135 
961 
867 
167 
519 
453 
547 
357 
483 
935 
775 
421 
897 
741 
773 
613 
643 
231 
673 
901 
129 
613 
129 
199 
135 
679 
705 
897 
741 
359 
33 
901 
321 
899 
69 
865 
353 
615 
199 
835 
549 
997 
263 
423 
705 
3 
35 
323 
257 
709 
193 
419 
321 
353 
609 
487 
7 
291 
359 
741 
673 
391 
611 
3 
291 
679 
867 
643 
293 
65 
487 
835 
37 
773 
259 
741 
807 
293 
33 
33 
1 
257 
451 
323 
609 
35 
801 
609 
357 
161 
359 
7 
577 
993 
33 
867 
679 
901 
519 
965 
965 
5 
807 
995 
769 
65 
711 
545 
359 
769 
609 
359 
33 
35 
707 
643 
103 
483 
259 
485 
645 
641 
515 
197 
609 
549 
65 
257 
417 
583 
229 
359 
581 
3 
353 
359 
69 
65 
935 
451 
865 
519 
833 
899 
579 
515 
549 
707 
999 
833 
167 
643 
449 
675 
865 
35 
199 
929 
291 
641 
513 
519 
999 
69 
547 
353 
451 
647 
451 
353 
65 
291 
897 
897 
165 
453 
389 
737 
135 
389 
545 
293 
7 
995 
967 
865 
7 
165 
801 
321 
807 
289 
865 
805 
359 
419 
135 
833 
33 
609 
163 
97 
899 
37 
1 
65 
513 
391 
803 
647 
803 
323 
963 
835 
327 
929 
675 
325 
71 
451 
677 
901 
741 
517 
675 
99 
935 
833 
965 
999 
417 
103 
71 
293 
163 
97 
389 
707 
519 
167 
321 
291 
515 
293 
101 
833 
197 
807 
165 
291 
257 
867 
161 
5 
385 
835 
129 
321 
675 
69 
295 
67 
197 
391 
385 
385 
481 
773 
67 
999 
965 
389 
289 
487 
705 
389 
295 
903 
195 
485 
161 
453 
321 
321 
451 
705 
163 
579 
1 
839 
647 
321 
929 
869 
711 
321 
229 
167 
103 
295 
167 
67 
709 
449 
545 
389 
869 
865 
259 
65 
325 
453 
517 
677 
775 
999 
391 
963 
579 
423 
801 
225 
743 
737 
69 
421 
35 
289 
613 
161 
577 
771 
229 
261 
227 
773 
675 
97 
613 
935 
161 
963 
355 
679 
641 
131 
679 
7 
101 
225 
453 
901 
451 
163 
645 
551 
577 
705 
833 
165 
867 
419 
961 
71 
711 
163 
867 
355 
261 
481 
289 
421 
451 
677 
101 
69 
807 
771 
99 
931 
3 
551 
839 
485 
739 
453 
5 
293 
133 
871 
481 
999 
257 
451 
69 
999 
645 
935 
323 
929 
417 
643 
327 
867 
295 
451 
935 
103 
231 
35 
1 
227 
609 
839 
711 
325 
291 
741 
641 
423 
579 
99 
423 
867 
581 
483 
835 
193 
419 
165 
99 
835 
807 
451 
677 
71 
901 
613 
165 
133 
647 
197 
391 
225 
37 
101 
549 
327 
835 
165 
743 
421 
295 
133 
263 
867 
647 
97 
37 
33 
261 
161 
899 
37 
611 
545 
131 
519 
133 
327 
643 
805 
517 
33 
5 
577 
135 
579 
903 
961 
743 
613 
357 
39 
771 
645 
931 
417 
741 
967 
483 
995 
135 
357 
39 
737 
901 
193 
257 
35 
513 
933 
839 
37 
967 
869 
613 
69 
423 
483 
39 
167 
97 
419 
197 
899 
33 
103 
291 
773 
71 
773 
769 
231 
131 
839 
993 
1 
7 
225 
67 
551 
133 
899 
611 
67 
743 
199 
161 
165 
707 
199 
323 
835 
611 
545 
709 
643 
673 
1 
423 
775 
807 
199 
997 
929 
7 
965 
961 
37 
167 
5 
613 
325 
935 
193 
391 
645 
417 
577 
835 
99 
775 
135 
933 
353 
711 
643 
3 
359 
677 
451 
135 
483 
641 
99 
419 
679 
65 
357 
741 
263 
385 
323 
579 
295 
515 
995 
965 
931 
547 
775 
37 
321 
935 
995 
675 
613 
613 
677 
997 
289 
103 
99 
773 
769 
229 
167 
423 
295 
549 
165 
583 
933 
487 
161 
227 
1 
133 
161 
931 
711 
967 
961 
1 
869 
931 
707 
451 
545 
391 
423 
867 
519 
545 
647 
263 
775 
837 
709 
69 
353 
867 
643 
295 
353 
805 
545 
353 
961 
705 
261 
673 
673 
229 
673 
519 
161 
389 
993 
737 
771 
423 
579 
257 
961 
193 
551 
711 
7 
229 
803 
385 
103 
421 
711 
455 
193 
231 
833 
161 
961 
103 
833 
611 
323 
483 
97 
517 
871 
97 
229 
643 
513 
833 
899 
449 
33 
451 
167 
39 
705 
961 
455 
807 
391 
165 
263 
583 
389 
71 
769 
327 
197 
579 
961 
545 
37 
65 
37 
931 
163 
291 
581 
675 
99 
481 
133 
131 
933 
291 
195 
613 
261 
675 
387 
643 
839 
673 
227 
197 
769 
995 
547 
967 
551 
515 
487 
611 
579 
549 
551 
741 
839 
101 
385 
929 
581 
517 
35 
513 
839 
263 
101 
99 
929 
513 
743 
743 
161 
993 
965 
963 
997 
519 
897 
547 
1 
385 
165 
581 
933 
741 
289 
739 
865 
705 
677 
421 
197 
743 
935 
37 
997 
35 
135 
901 
547 
903 
645 
709 
871 
577 
647 
867 
71 
545 
423 
97 
961 
579 
677 
869 
295 
965 
609 
135 
647 
261 
581 
867 
5 
515 
903 
995 
549 
7 
903 
65 
933 
517 
805 
805 
69 
453 
647 
165 
997 
37 
261 
933 
641 
963 
803 
961 
903 
387 
97 
551 
673 
677 
417 
677 
199 
321 
679 
741 
353 
551 
837 
261 
67 
643 
33 
161 
71 
705 
325 
35 
775 
611 
999 
391 
549 
769 
327 
453 
163 
423 
3 
867 
101 
419 
545 
291 
773 
199 
39 
101 
773 
901 
353 
839 
519 
419 
999 
581 
99 
325 
647 
865 
935 
613 
257 
451 
389 
615 
935 
577 
39 
929 
421 
163 
357 
965 
455 
97 
163 
517 
197 
935 
419 
583 
775 
929 
1 
741 
517 
101 
65 
131 
997 
993 
769 
229 
451 
167 
869 
355 
743 
901 
291 
163 
39 
647 
129 
517 
769 
291 
35 
967 
227 
453 
549 
1 
389 
551 
743 
899 
675 
833 
5 
641 
801 
807 
903 
227 
965 
771 
613 
707 
647 
897 
871 
711 
519 
999 
227 
289 
257 
293 
231 
517 
771 
803 
517 
135 
353 
259 
1 
5 
67 
39 
677 
867 
837 
579 
103 
801 
327 
739 
483 
997 
611 
323 
707 
131 
321 
935 
419 
579 
227 
673 
103 
997 
485 
611 
101 
837 
871 
133 
867 
963 
165 
519 
837 
1 
67 
933 
833 
385 
647 
293 
357 
259 
647 
65 
423 
967 
999 
833 
545 
225 
515 
647 
199 
999 
259 
323 
803 
129 
449 
645 
67 
645 
165 
897 
645 
231 
837 
455 
647 
483 
771 
3 
743 
385 
67 
165 
353 
65 
997 
897 
291 
519 
545 
515 
485 
803 
837 
289 
931 
295 
967 
997 
931 
99 
869 
577 
353 
705 
7 
1 
165 
803 
35 
931 
197 
103 
65 
549 
193 
69 
423 
515 
581 
967 
5 
67 
769 
867 
387 
677 
161 
323 
641 
69 
453 
519 
647 
839 
193 
677 
839 
389 
481 
867 
321 
677 
993 
385 
193 
161 
487 
647 
677 
67 
613 
707 
135 
359 
581 
545 
3 
743 
867 
675 
805 
321 
163 
451 
135 
387 
135 
965 
801 
615 
839 
97 
291 
833 
483 
517 
3 
993 
131 
679 
37 
775 
385 
195 
133 
967 
741 
